{
  "nbformat": 4,
  "nbformat_minor": 0,
  "metadata": {
    "colab": {
      "provenance": []
    },
    "kernelspec": {
      "name": "python3",
      "display_name": "Python 3"
    },
    "language_info": {
      "name": "python"
    }
  },
  "cells": [
    {
      "cell_type": "code",
      "source": [
        "!git clone https://github.com/RIPS-2024-Aerospace/Aerospace-Project.git"
      ],
      "metadata": {
        "colab": {
          "base_uri": "https://localhost:8080/"
        },
        "id": "Skq3MxaQ95BJ",
        "outputId": "3bed274c-aeec-45a0-b1db-da2ce234c57e"
      },
      "execution_count": 5,
      "outputs": [
        {
          "output_type": "stream",
          "name": "stdout",
          "text": [
            "fatal: destination path 'Aerospace-Project' already exists and is not an empty directory.\n"
          ]
        }
      ]
    },
    {
      "cell_type": "code",
      "source": [
        "import numpy as np\n",
        "import scipy as sp\n",
        "import matplotlib.pyplot as plt\n",
        "import math\n",
        "\n",
        "np.random.seed(29)\n",
        "\n",
        "%run \"/content/Aerospace-Project/DiffusionLunarKF.ipynb\"\n",
        "%run \"/content/Aerospace-Project/CentralizedLunarKF.ipynb\"\n",
        "%run \"/content/Aerospace-Project/FilterComparison.ipynb\""
      ],
      "metadata": {
        "id": "lNVBlUJl-i54"
      },
      "execution_count": 6,
      "outputs": []
    },
    {
      "cell_type": "code",
      "source": [
        "C = np.array([[0.2,0.2,0.2,0.2,0.2], [0.5, 0.5, 0, 0,0], [0.5, 0, 0.5, 0,0], [0.5,0,0, 0.5,0],[0.5,0,0,0,0.5]])\n",
        "D = np.array([[3,3,3,3,3], [3, 3, 0, 0,0], [3, 0, 3, 0,0], [3,0,0, 3,0],[3,0,0,0,3]])\n",
        "\n",
        "n = len(C)\n",
        "\n",
        "true_biases = np.array([[np.random.normal(0,np.sqrt(12/(c**2))) for _ in range(n)]]).T\n",
        "true_drifts = np.array([[np.random.normal(0,np.sqrt(0.1/(c**2))) for _ in range(n)]]).T\n",
        "# true_drifts = np.array([[0 for _ in range(n)]]).T\n",
        "\n",
        "F = np.array([[1,dt],[0,1]])\n",
        "F_full = np.kron(np.eye(n),F)\n",
        "\n",
        "def get_station_truth(x,id):\n",
        "    return np.array([[x[2*id][0]],[x[2*id+1][0]]])\n",
        "\n",
        "x = c*np.vstack(tuple([np.array([true_biases[i],true_drifts[i]]) for i in range(n)]))\n",
        "\n",
        "# random initial estimates for each node\n",
        "\n",
        "x0 = [np.array([[np.random.normal(0,np.sqrt(12))],[np.random.normal(0,np.sqrt(0.1))]]) for i in range(n)]\n",
        "x0_cf = np.vstack(tuple(x0))\n",
        "# x0 = [np.array([[0],[0]]) for _ in range(n)]\n",
        "\n",
        "P = [100*np.copy(R(1)) for _ in range(n)]\n",
        "P_prev = np.block([[P[i] if i==j else np.zeros((2,2)) for j in range(n)] for i in range(n)])\n",
        "\n",
        "stations = [Station(i) for i in range(n)]\n",
        "\n",
        "filter_initialize(stations,D,x0,P)\n",
        "\n",
        "Q_10x10 = np.kron(np.eye(5),Q)\n",
        "\n",
        "kf = KalmanFilter(A = F_full, H = H_cf, Q = Q_10x10, R = R_cf, P = P_prev, x0 = x0_cf)\n",
        "#For the first iteration these are our cross_links\n",
        "iterations = 50\n",
        "\n",
        "# num_msmts = np.random.randint(0,10,(iterations,5))\n",
        "num_msmts = np.array([[0,3,3,3,3] for _ in range(iterations)])\n",
        "\n",
        "filter_outputs = run_both_filters(iterations, num_msmts,C,F_full,stations,kf, x)\n",
        "\n",
        "errors_df,errors_cf,P_hist_cf,P_hist_df,truth,measurements,predictions_cf,predictions_df = filter_outputs\n"
      ],
      "metadata": {
        "id": "2raSX_-J-tYM"
      },
      "execution_count": 7,
      "outputs": []
    },
    {
      "cell_type": "code",
      "execution_count": 8,
      "metadata": {
        "id": "7SRWIXvv91gP",
        "outputId": "ae4a0a30-49b2-4eb6-985c-ac1e5c181514",
        "colab": {
          "base_uri": "https://localhost:8080/"
        }
      },
      "outputs": [
        {
          "output_type": "stream",
          "name": "stdout",
          "text": [
            "[[ 5.98980838 -0.71197783  0.99394546  0.28749885  0.99742793  0.2821527\n",
            "   0.62211165  0.33966329  1.11893285  0.2600144 ]\n",
            " [-0.71197783  0.23366616  0.87992453 -0.10360438  0.95828218 -0.10124822\n",
            "   1.01231574 -0.11119418  0.94243873 -0.09857232]\n",
            " [ 0.99394546  0.87992453 10.53585477 -0.44596521 10.37164762 -0.38193556\n",
            "  10.63180264 -0.43453391 10.47283687 -0.39548818]\n",
            " [ 0.28749885 -0.10360438 -0.44596521  0.05306339 -0.438027    0.04444367\n",
            "  -0.46102768  0.04889902 -0.46286766  0.04720556]\n",
            " [ 0.99742793  0.95828218 10.37164762 -0.438027   11.54123103 -0.47524718\n",
            "  11.14415567 -0.4649128  10.71860543 -0.4303476 ]\n",
            " [ 0.2821527  -0.10124822 -0.38193556  0.04444367 -0.47524718  0.0522045\n",
            "  -0.43270831  0.04890263 -0.38763401  0.043218  ]\n",
            " [ 0.62211165  1.01231574 10.63180264 -0.46102768 11.14415567 -0.43270831\n",
            "  12.09069539 -0.54321546 11.15514045 -0.4397329 ]\n",
            " [ 0.33966329 -0.11119418 -0.43453391  0.04889902 -0.4649128   0.04890263\n",
            "  -0.54321546  0.06194251 -0.43967583  0.04553361]\n",
            " [ 1.11893285  0.94243873 10.47283687 -0.46286766 10.71860543 -0.38763401\n",
            "  11.15514045 -0.43967583 11.50793251 -0.46316022]\n",
            " [ 0.2600144  -0.09857232 -0.39548818  0.04720556 -0.4303476   0.043218\n",
            "  -0.4397329   0.04553361 -0.46316022  0.05042969]]\n",
            "[[0.36999068 0.01055947 0.         0.         0.         0.\n",
            "  0.         0.         0.         0.        ]\n",
            " [0.01055947 0.0006304  0.         0.         0.         0.\n",
            "  0.         0.         0.         0.        ]\n",
            " [0.         0.         0.3140016  0.00931098 0.         0.\n",
            "  0.         0.         0.         0.        ]\n",
            " [0.         0.         0.00931098 0.00058583 0.         0.\n",
            "  0.         0.         0.         0.        ]\n",
            " [0.         0.         0.         0.         0.29580127 0.00893654\n",
            "  0.         0.         0.         0.        ]\n",
            " [0.         0.         0.         0.         0.00893654 0.00057328\n",
            "  0.         0.         0.         0.        ]\n",
            " [0.         0.         0.         0.         0.         0.\n",
            "  0.27844582 0.00857224 0.         0.        ]\n",
            " [0.         0.         0.         0.         0.         0.\n",
            "  0.00857224 0.0005608  0.         0.        ]\n",
            " [0.         0.         0.         0.         0.         0.\n",
            "  0.         0.         0.26192044 0.00821826]\n",
            " [0.         0.         0.         0.         0.         0.\n",
            "  0.         0.         0.00821826 0.00054842]]\n"
          ]
        }
      ],
      "source": [
        "# defined if function is placed in seperate file\n",
        "import numpy as np\n",
        "import math\n",
        "\n",
        "def sample_cov_and_mean(C):\n",
        "    sample_cov = 0\n",
        "    sample_mean = 0\n",
        "    iters = 50 # monte carlo iters\n",
        "    for j in range(iters):\n",
        "      # Variables\n",
        "      T_c = 0.00000009775\n",
        "      f_L1 = 1575420000\n",
        "      N_i = 4\n",
        "      CN0 = 15\n",
        "      B_pll = 0.5\n",
        "      B_fe = 26000000\n",
        "      T = 0.020\n",
        "      d = 0.3\n",
        "      pi = math.pi\n",
        "      c = 299792458\n",
        "      B_dll = 0.5\n",
        "      dt = 7\n",
        "      sigma_uere = 0 # can't find a value for this\n",
        "\n",
        "      # Values from random table in Source 31\n",
        "      # h_0 = 1.4*(10**(-22))\n",
        "      # h_m1 = 2.3*(10**(-26))\n",
        "      # h_m2 = 3.3*(10**(-31))\n",
        "\n",
        "      # Values from sample clocks in Source 30\n",
        "      h_0 = 1.8*(10**(-21))\n",
        "      h_m1 = 6.492*(10**(-22))\n",
        "      h_m2 = 1.37*(10**(-24))\n",
        "\n",
        "      e1 = (h_0/2)*dt + 2*h_m1*(dt*dt) + (2/3)*h_m2*(pi**2)*(dt**3)\n",
        "      e2 = 2*h_m1*dt + h_m2*((pi*dt)**2)\n",
        "      e3 = ((h_0/(2*dt))+ 2*h_m1 + (8/3)*(pi*pi)*h_m2*dt)\n",
        "\n",
        "      Q = (c**2)*np.array([[e1,e2],[e2,e3]])\n",
        "\n",
        "      s_dll = (B_dll/(2*CN0))*(1/(T_c*B_fe))*(1+(1/(T*CN0)))\n",
        "      pr_var = ((c*T_c)**2)*s_dll+ sigma_uere\n",
        "\n",
        "      s_pll = (B_pll/(CN0))*(1+(1/(2*T*CN0)))\n",
        "      prr_var = ((c**2)/((2*pi*f_L1 * T)**2)) * (s_pll)\n",
        "\n",
        "      R = lambda N : np.kron(np.eye(N),np.array([[pr_var,0],[0,prr_var]]))\n",
        "      R_cf = lambda num_msmts: np.kron(np.eye(sum(num_msmts)),R(1))\n",
        "\n",
        "      measure_noise = lambda num_msmts : np.linalg.cholesky(R_cf(num_msmts)) @ np.random.normal(np.array([[0 for _ in range(2*sum(num_msmts))]]).T)\n",
        "      sigma_j = 10**(-16)\n",
        "\n",
        "      # C = np.array([[0.3,0,0.2,0.5,0], [0.5, 0.5, 0, 0,0], [0.5, 0, 0.5, 0,0], [0.5,0,0, 0.5,0],[0.5,0,0,0,0.5]])\n",
        "      D = np.array([[3,3,3,3,3], [3, 3, 0, 0,0], [3, 0, 3, 0,0], [3,0,0, 3,0],[3,0,0,0,3]])\n",
        "\n",
        "      n = len(C)\n",
        "\n",
        "      true_biases = np.array([[np.random.normal(0,np.sqrt(12/(c**2))) for _ in range(n)]]).T\n",
        "      true_drifts = np.array([[np.random.normal(0,np.sqrt(0.1/(c**2))) for _ in range(n)]]).T\n",
        "      # true_drifts = np.array([[0 for _ in range(n)]]).T\n",
        "\n",
        "      F = np.array([[1,dt],[0,1]])\n",
        "      F_full = np.kron(np.eye(n),F)\n",
        "\n",
        "      Q_10x10=np.kron(np.eye(5), Q)\n",
        "\n",
        "      def get_station_truth(x,id):\n",
        "        return np.array([[x[2*id][0]],[x[2*id+1][0]]])\n",
        "\n",
        "      x = c*np.vstack(tuple([np.array([true_biases[i],true_drifts[i]]) for i in range(n)]))\n",
        "\n",
        "      # Random initial estimates for each node\n",
        "      x0 = [np.array([[np.random.normal(0,np.sqrt(12))],[np.random.normal(0,np.sqrt(0.1))]]) for i in range(n)]\n",
        "      x0_cf = np.vstack(tuple(x0))\n",
        "      # x0 = [np.array([[0],[0]]) for _ in range(n)]\n",
        "\n",
        "      P = [100*np.copy(R(1)) for _ in range(n)]\n",
        "      P_prev = np.block([[P[i] if i==j else np.zeros((2,2)) for j in range(n)] for i in range(n)])\n",
        "\n",
        "      stations = [Station(i) for i in range(n)]\n",
        "\n",
        "      filter_initialize(stations,D,x0,P)\n",
        "\n",
        "      kf = KalmanFilter(A = F_full, H = H_cf, Q = Q_10x10, R = R_cf, P = P_prev, x0 = x0_cf)\n",
        "      # For the first iteration these are our cross_links\n",
        "      iterations = 50\n",
        "\n",
        "      # num_msmts = np.random.randint(0,10,(iterations,5))\n",
        "      num_msmts = np.array([[0,3,3,3,3] for _ in range(iterations)])\n",
        "\n",
        "      filter_outputs = run_both_filters(iterations, num_msmts,C,F_full,stations,kf, x)\n",
        "\n",
        "      errors_df,errors_cf,P_hist_cf,P_hist_df,truth,measurements,predictions_cf,predictions_df = filter_outputs\n",
        "\n",
        "      # expectation of full state covariance (without normalizing)\n",
        "      errors_flat = errors_df[-1].flatten()\n",
        "      e = np.outer(errors_flat, errors_flat)\n",
        "      sample_cov = sample_cov + e\n",
        "\n",
        "      # expectation of errors\n",
        "      sample_mean = sample_mean + errors_flat\n",
        "\n",
        "\n",
        "\n",
        "    sample_cov = sample_cov / iters\n",
        "    sample_mean = sample_mean / iters\n",
        "\n",
        "    return sample_mean, sample_cov, P_hist_cf[-1] # RETURNS DKF MEAN, DKF COVARIANCE, CKF COVARIANCE\n",
        "\n",
       
      ]
    },
    {
      "cell_type": "code",
      "source": [],
      "metadata": {
        "id": "A80GFSk8-9wc"
      },
      "execution_count": null,
      "outputs": []
    }
  ]
}
